hello    0.231  0.345  0.678
this     0.123  0.567  0.890
is       0.234  0.678  0.901
a        0.345  0.789  0.012
test     0.456  0.890  0.123
to       0.567  0.901  0.234
see      0.678  0.012  0.345
how      0.789  0.123  0.456
spark    0.890  0.234  0.567
makes    0.901  0.345  0.678
partitions  0.012  0.456  0.789
of       0.123  0.567  0.890
file     0.234  0.678  0.901
and      0.345  0.789  0.012
stores   0.456  0.890  0.123
everything  0.567  0.901  0.234
in       0.678  0.012  0.345
an       0.789  0.123  0.456
RDD.     0.890  0.234  0.567
I        0.901  0.345  0.678
like     0.012  0.456  0.789
pizza    0.123  0.567  0.890
pasta    0.234  0.678  0.901
for      0.345  0.789  0.012
map      0.456  0.890  0.123
reduce   0.567  0.901  0.234
program  0.678  0.012  0.345
